c:\users\markus\desktop\winos\promotion\messzeiten\2015_sept_beamtime\test\i09-58244_n1shbn-xsw\singleslices\i09-58244_n1shbn-xsw_slice00_296880.vms	

Data Set	N1s	STDEV_N1s
1.000000e+000	4.682480e-002	3.653553e-001	
2.000000e+000	6.009333e-002	1.315879e-001	
3.000000e+000	2.207569e-002	3.295819e-001	
4.000000e+000	2.183714e-002	3.359823e-001	
5.000000e+000	7.233117e-002	1.280899e-001	
6.000000e+000	-6.742503e-002	4.384293e-001	
7.000000e+000	4.232288e-002	3.158726e-001	
8.000000e+000	-1.754844e-002	3.681832e-001	
9.000000e+000	-6.714638e-004	3.534840e-001	
1.000000e+001	-3.229696e-002	4.623722e-001	
1.100000e+001	-3.203987e-002	4.020554e-001	
1.200000e+001	1.764935e-002	2.635886e-001	
1.300000e+001	2.407847e-002	2.809544e-001	
1.400000e+001	3.648945e-002	4.118435e-001	
1.500000e+001	1.066275e-002	3.590653e-001	
1.600000e+001	1.015179e-001	1.695165e-001	
1.700000e+001	1.902937e-003	5.399240e-001	
1.800000e+001	2.467423e-002	3.253054e-001	
1.900000e+001	6.161506e-002	3.485465e-001	
2.000000e+001	5.012346e-003	4.121167e-001	
2.100000e+001	1.729521e-002	3.330702e-001	
2.200000e+001	-2.839658e-002	3.774304e-001	
2.300000e+001	-3.826427e-002	4.911847e-001	
2.400000e+001	3.744727e-002	3.311026e-001	
2.500000e+001	-4.158658e-002	4.780470e-001	
2.600000e+001	-2.530116e-002	4.636507e-001	
2.700000e+001	1.964920e-002	3.282930e-001	
2.800000e+001	-2.231188e-002	4.283951e-001	
2.900000e+001	9.576705e-003	3.685474e-001	
3.000000e+001	3.149205e-002	3.565556e-001	
3.100000e+001	-4.054446e-002	3.954165e-001	
3.200000e+001	-4.004121e-002	4.728638e-001	
3.300000e+001	-2.692048e-002	4.069933e-001	
3.400000e+001	-4.388713e-002	4.164896e-001	
3.500000e+001	-1.066412e-002	4.116766e-001	
3.600000e+001	4.437988e-002	2.856002e-001	
3.700000e+001	-1.619676e-002	3.500666e-001	
3.800000e+001	-3.487973e-002	4.693274e-001	
3.900000e+001	-8.051930e-003	4.356764e-001	
4.000000e+001	-1.534088e-002	4.072842e-001	
4.100000e+001	-3.462439e-002	3.910782e-001	
4.200000e+001	-4.041611e-002	4.935424e-001	
4.300000e+001	-3.882082e-002	4.730121e-001	
4.400000e+001	5.687641e-002	2.871200e-001	
4.500000e+001	2.509333e-002	3.519082e-001	
4.600000e+001	1.104646e-003	3.470906e-001	
4.700000e+001	-3.053573e-002	4.288580e-001	
4.800000e+001	2.621605e-002	3.456991e-001	
4.900000e+001	3.453053e-002	5.014171e-001	
5.000000e+001	-1.174912e-001	5.271896e-001	
5.100000e+001	1.214451e-002	4.658511e-001	
5.200000e+001	3.062926e-002	4.040243e-001	
5.300000e+001	-5.757589e-003	4.611513e-001	
5.400000e+001	3.385118e-004	4.922495e-001	
5.500000e+001	2.131781e-002	4.824803e-001	
5.600000e+001	-4.624293e-002	4.766590e-001	
5.700000e+001	2.226354e-002	4.519626e-001	
5.800000e+001	-7.781393e-002	5.205499e-001	
5.900000e+001	3.699575e-002	4.062229e-001	
6.000000e+001	3.361979e-003	4.451469e-001	
6.100000e+001	-7.189995e-003	4.406179e-001	
6.200000e+001	2.993112e-002	2.838170e-001	
6.300000e+001	-3.482900e-002	4.865489e-001	
6.400000e+001	5.583406e-002	3.334980e-001	
6.500000e+001	-4.302181e-002	4.592930e-001	
6.600000e+001	1.322486e-002	3.797195e-001	
6.700000e+001	1.215019e-002	3.789841e-001	
6.800000e+001	4.604911e-002	2.998421e-001	
6.900000e+001	-9.457814e-002	5.684170e-001	
7.000000e+001	-1.650798e-002	4.288849e-001	
7.100000e+001	8.642761e-003	3.422682e-001	
7.200000e+001	2.929152e-003	3.859368e-001	
7.300000e+001	2.098691e-004	3.726436e-001	
7.400000e+001	-2.597743e-002	4.875563e-001	
7.500000e+001	-1.705472e-001	5.592950e-001	
7.600000e+001	-4.687272e-003	3.897103e-001	
7.700000e+001	-6.884088e-002	5.267689e-001	
7.800000e+001	-6.379314e-002	4.508649e-001	
7.900000e+001	-5.024723e-002	5.254388e-001	
8.000000e+001	-6.805767e-003	3.713382e-001	
8.100000e+001	4.294767e-003	3.574758e-001	
8.200000e+001	-1.981730e-002	4.194534e-001	
8.300000e+001	3.098920e-002	3.628657e-001	
8.400000e+001	3.455150e-002	4.141577e-001	
8.500000e+001	1.251437e-002	3.668312e-001	
8.600000e+001	4.894121e-002	3.758239e-001	
8.700000e+001	-1.862985e-002	4.998801e-001	
8.800000e+001	-2.340177e-002	4.517813e-001	
8.900000e+001	-3.026846e-002	5.639696e-001	
9.000000e+001	-9.827907e-002	5.479992e-001	
9.100000e+001	-4.888693e-002	4.866524e-001	
9.200000e+001	2.892382e-002	4.570775e-001	
9.300000e+001	-2.710699e-002	5.463183e-001	
9.400000e+001	4.877404e-003	4.712466e-001	
9.500000e+001	-1.926069e-002	4.668090e-001	
9.600000e+001	3.065973e-002	3.910387e-001	
9.700000e+001	4.829774e-002	2.973409e-001	
9.800000e+001	-1.397949e-002	4.086546e-001	
9.900000e+001	6.767377e-002	4.306951e-001	
1.000000e+002	3.816850e-002	4.043937e-001	
1.010000e+002	-1.018208e-002	4.538206e-001	
1.020000e+002	-2.311599e-002	4.211610e-001	
1.030000e+002	5.243110e-002	3.167629e-001	
1.040000e+002	5.343730e-002	3.248147e-001	
1.050000e+002	2.959564e-002	3.444450e-001	
1.060000e+002	-3.661281e-002	4.073353e-001	
1.070000e+002	3.947879e-002	3.546876e-001	
1.080000e+002	-1.198555e-002	4.675433e-001	
1.090000e+002	-5.646068e-002	4.569649e-001	
1.100000e+002	4.008229e-002	3.500191e-001	
1.110000e+002	2.020669e-002	2.987689e-001	
1.120000e+002	3.128967e-002	2.728390e-001	
1.130000e+002	6.385723e-002	2.175348e-001	
1.140000e+002	-9.036009e-003	3.648874e-001	
1.150000e+002	-1.938923e-002	3.920412e-001	
1.160000e+002	3.526371e-002	3.534846e-001	
1.170000e+002	-1.024774e-002	3.279744e-001	
1.180000e+002	-5.531429e-002	4.101918e-001	
1.190000e+002	-6.504110e-002	5.444488e-001	
1.200000e+002	9.183316e-003	3.175788e-001	
1.210000e+002	-6.646651e-002	4.681928e-001	
1.220000e+002	5.741569e-002	3.353989e-001	
1.230000e+002	7.364199e-003	4.332203e-001	
1.240000e+002	3.653782e-002	3.748830e-001	
1.250000e+002	1.403905e-002	4.166095e-001	
1.260000e+002	-3.886281e-002	4.985723e-001	
1.270000e+002	2.644721e-003	5.100748e-001	
1.280000e+002	-3.850944e-002	5.588843e-001	
1.290000e+002	-8.639942e-003	4.815687e-001	
1.300000e+002	-1.664608e-003	4.307053e-001	
1.310000e+002	6.546985e-002	3.607419e-001	
1.320000e+002	4.987577e-002	2.900800e-001	
1.330000e+002	1.398063e-002	3.916813e-001	
1.340000e+002	-3.058395e-002	4.443938e-001	
1.350000e+002	2.749952e-002	4.001765e-001	
1.360000e+002	5.383229e-002	2.938085e-001	
1.370000e+002	-7.752910e-003	4.002576e-001	
1.380000e+002	3.050714e-002	3.561926e-001	
1.390000e+002	-2.344275e-002	4.815008e-001	
1.400000e+002	-3.291239e-002	4.607951e-001	
1.410000e+002	-7.680724e-003	4.121874e-001	
1.420000e+002	-1.685446e-002	4.608105e-001	
1.430000e+002	1.077028e-003	3.503657e-001	
1.440000e+002	3.976806e-002	3.430551e-001	
1.450000e+002	3.043942e-002	3.105980e-001	
1.460000e+002	2.753150e-002	2.438465e-001	
1.470000e+002	2.376468e-004	2.713265e-001	
1.480000e+002	-1.521222e-002	3.516758e-001	
1.490000e+002	4.431617e-002	2.890100e-001	
1.500000e+002	-5.703290e-003	3.762899e-001	
1.510000e+002	4.252247e-002	2.809641e-001	
1.520000e+002	-4.794351e-003	3.748997e-001	
1.530000e+002	-9.444354e-002	4.728210e-001	
1.540000e+002	5.877092e-002	2.892240e-001	
1.550000e+002	3.016460e-002	2.659753e-001	
1.560000e+002	4.031543e-002	2.732502e-001	
1.570000e+002	-3.537937e-002	4.257299e-001	
1.580000e+002	-1.076189e-002	3.708579e-001	
1.590000e+002	6.278024e-002	3.411029e-001	
1.600000e+002	4.991348e-002	3.797131e-001	
1.610000e+002	-9.483256e-002	5.556740e-001	
1.620000e+002	9.278640e-003	3.764013e-001	
1.630000e+002	-2.776260e-002	5.002338e-001	
1.640000e+002	4.547408e-002	4.338663e-001	
1.650000e+002	1.664328e-002	3.356996e-001	
1.660000e+002	2.329861e-002	3.865846e-001	
1.670000e+002	-8.390621e-003	3.856477e-001	
1.680000e+002	8.881022e-003	4.569944e-001	
1.690000e+002	3.924272e-002	3.516061e-001	
1.700000e+002	8.384786e-003	3.772196e-001	
1.710000e+002	-1.571448e-002	3.693147e-001	
1.720000e+002	2.910191e-002	3.246559e-001	
1.730000e+002	-5.312499e-002	4.008146e-001	
1.740000e+002	8.350565e-002	1.964146e-001	
1.750000e+002	4.382774e-002	2.424094e-001	
1.760000e+002	-6.211072e-003	3.525673e-001	
1.770000e+002	2.669479e-002	2.807572e-001	
1.780000e+002	2.213788e-002	3.257225e-001	
1.790000e+002	1.620522e-002	3.998797e-001	
1.800000e+002	5.061112e-003	3.196428e-001	
1.810000e+002	6.620691e-002	2.520988e-001	
1.820000e+002	-1.622069e-002	3.604248e-001	
1.830000e+002	1.384850e-002	2.854712e-001	
1.840000e+002	-2.891378e-002	4.022794e-001	
1.850000e+002	-4.736277e-002	4.255522e-001	
1.860000e+002	2.996991e-002	2.357803e-001	
1.870000e+002	4.586315e-002	2.087603e-001	
1.880000e+002	9.379339e-003	2.970962e-001	
1.890000e+002	4.475666e-002	3.045749e-001	
1.900000e+002	-2.663300e-002	3.618972e-001	
1.910000e+002	-3.616302e-002	4.333662e-001	
1.920000e+002	-1.192673e-002	3.475315e-001	
1.930000e+002	2.928337e-002	3.483094e-001	
1.940000e+002	1.481187e-002	3.374849e-001	
1.950000e+002	1.734795e-002	3.555687e-001	
1.960000e+002	2.712026e-002	3.674690e-001	
1.970000e+002	-7.315835e-003	3.923691e-001	
1.980000e+002	2.358358e-002	3.745630e-001	
1.990000e+002	3.914181e-002	3.274407e-001	
2.000000e+002	-9.153053e-002	5.090711e-001	
2.010000e+002	3.252036e-002	3.358401e-001	
2.020000e+002	6.201365e-002	2.660849e-001	
2.030000e+002	5.872981e-002	2.577585e-001	
2.040000e+002	4.415212e-002	2.580189e-001	
2.050000e+002	-8.490532e-002	4.260669e-001	
2.060000e+002	3.409172e-002	2.573801e-001	
2.070000e+002	8.385188e-003	2.671107e-001	
2.080000e+002	3.925306e-002	3.006197e-001	
2.090000e+002	-3.000240e-003	4.110159e-001	
2.100000e+002	-3.695692e-003	3.804974e-001	
2.110000e+002	2.969997e-002	2.677424e-001	
2.120000e+002	-1.938495e-002	3.270741e-001	
2.130000e+002	-2.526970e-003	3.067436e-001	
2.140000e+002	-4.636191e-002	3.942051e-001	
2.150000e+002	3.700489e-002	2.774332e-001	
2.160000e+002	1.863571e-002	2.418754e-001	
2.170000e+002	-5.063355e-002	3.947519e-001	
2.180000e+002	7.463768e-003	3.568134e-001	
2.190000e+002	2.028191e-002	3.206723e-001	
2.200000e+002	1.086082e-003	2.540300e-001	
2.210000e+002	3.504356e-002	1.794129e-001	
2.220000e+002	-8.816333e-003	3.912155e-001	
2.230000e+002	1.339069e-002	2.954249e-001	
2.240000e+002	-2.211715e-002	3.799001e-001	
2.250000e+002	-5.301603e-003	3.151277e-001	
2.260000e+002	-4.049693e-002	3.562975e-001	
2.270000e+002	2.060036e-002	2.684815e-001	
2.280000e+002	6.356835e-003	2.731472e-001	
2.290000e+002	-2.081135e-002	3.878609e-001	
2.300000e+002	3.291033e-002	2.600049e-001	
2.310000e+002	-4.188914e-002	4.618072e-001	
2.320000e+002	-4.410636e-002	5.212993e-001	
2.330000e+002	-1.973243e-002	4.501077e-001	
2.340000e+002	2.837472e-003	3.763761e-001	
2.350000e+002	4.936521e-002	3.754302e-001	
2.360000e+002	-5.155525e-002	4.279080e-001	
2.370000e+002	-1.390000e-002	4.272655e-001	
2.380000e+002	4.939196e-002	3.896021e-001	
2.390000e+002	1.241967e-002	4.059650e-001	
2.400000e+002	7.429836e-002	2.379587e-001	
2.410000e+002	2.840689e-003	3.775285e-001	
2.420000e+002	4.930421e-002	2.309338e-001	
2.430000e+002	3.588198e-002	3.017760e-001	
2.440000e+002	3.085133e-002	2.464870e-001	
2.450000e+002	1.388446e-002	3.483321e-001	
2.460000e+002	-1.248131e-002	4.061932e-001	
2.470000e+002	6.260340e-002	2.445009e-001	
2.480000e+002	5.850774e-002	2.988099e-001	
2.490000e+002	4.817134e-003	3.999935e-001	
2.500000e+002	-5.934644e-002	4.524884e-001	
2.510000e+002	-5.267249e-002	4.544326e-001	
2.520000e+002	6.403562e-003	3.258939e-001	
2.530000e+002	2.570713e-002	2.225995e-001	
2.540000e+002	-4.364642e-002	3.954760e-001	
2.550000e+002	9.854857e-003	2.883968e-001	
2.560000e+002	4.505838e-002	2.223409e-001	
2.570000e+002	-3.036195e-004	3.756946e-001	
2.580000e+002	7.377790e-003	3.106312e-001	
2.590000e+002	6.597220e-002	2.015787e-001	
2.600000e+002	1.511677e-003	2.871614e-001	
2.610000e+002	-7.587046e-004	3.189489e-001	
2.620000e+002	5.507013e-002	1.261504e-001	
2.630000e+002	-2.830657e-002	4.179042e-001	
2.640000e+002	8.231494e-003	2.294827e-001	
2.650000e+002	3.475674e-002	3.655519e-001	
2.660000e+002	2.544290e-002	2.535042e-001	
2.670000e+002	3.366984e-002	3.082014e-001	
2.680000e+002	1.053201e-002	3.522924e-001	
2.690000e+002	-4.685179e-002	4.150434e-001	
2.700000e+002	-3.155915e-002	5.108905e-001	
2.710000e+002	-1.394541e-002	4.417793e-001	
2.720000e+002	9.404594e-002	3.334501e-001	
2.730000e+002	2.093135e-002	3.351394e-001	
2.740000e+002	-6.520008e-002	5.176720e-001	
2.750000e+002	-2.058740e-003	3.936391e-001	
2.760000e+002	-3.302734e-002	4.049460e-001	
2.770000e+002	1.553867e-002	2.645926e-001	
2.780000e+002	-8.137873e-003	3.683908e-001	
2.790000e+002	3.431695e-002	3.179536e-001	
2.800000e+002	-1.224137e-001	4.925211e-001	
2.810000e+002	3.422272e-002	3.075837e-001	
2.820000e+002	1.964328e-002	3.508522e-001	
2.830000e+002	-6.453958e-003	3.626722e-001	
2.840000e+002	-9.308536e-003	3.664462e-001	
2.850000e+002	5.909053e-003	2.987734e-001	
2.860000e+002	-2.787706e-002	3.581351e-001	
2.870000e+002	4.689020e-002	3.091396e-001	
2.880000e+002	1.852907e-002	2.818672e-001	
2.890000e+002	2.184661e-002	2.668237e-001	
2.900000e+002	3.295641e-002	2.358487e-001	
2.910000e+002	2.199033e-002	2.183917e-001	
2.920000e+002	2.232231e-002	2.741139e-001	
2.930000e+002	1.462317e-002	2.487154e-001	
2.940000e+002	-3.483321e-002	3.490162e-001	
2.950000e+002	2.778465e-002	2.107852e-001	
2.960000e+002	-1.098131e-004	2.787455e-001	
2.970000e+002	-1.221558e-002	3.357766e-001	
2.980000e+002	5.487936e-002	2.384290e-001	
2.990000e+002	3.285972e-002	2.657701e-001	
3.000000e+002	-7.356540e-002	4.346133e-001	
3.010000e+002	7.026519e-003	3.129525e-001	
3.020000e+002	3.733666e-004	3.150094e-001	
3.030000e+002	1.749439e-002	3.115172e-001	
3.040000e+002	-1.304656e-002	3.993688e-001	
3.050000e+002	4.500229e-002	2.269720e-001	
3.060000e+002	2.315104e-002	3.780103e-001	
3.070000e+002	2.778141e-002	2.659487e-001	
3.080000e+002	-1.676241e-002	3.509573e-001	
3.090000e+002	-7.524112e-002	4.449779e-001	
3.100000e+002	-1.291707e-002	4.271752e-001	
3.110000e+002	3.917982e-003	3.889491e-001	
3.120000e+002	-3.818157e-002	3.913802e-001	
3.130000e+002	8.809824e-003	3.232221e-001	
3.140000e+002	6.696463e-003	3.393008e-001	
3.150000e+002	6.419954e-002	1.897117e-001	
3.160000e+002	1.167084e-002	3.116578e-001	
3.170000e+002	-9.393919e-003	3.168386e-001	
3.180000e+002	-4.863909e-002	4.056268e-001	
3.190000e+002	-1.839717e-002	3.394572e-001	
3.200000e+002	2.131275e-002	2.753451e-001	
3.210000e+002	3.803187e-002	2.013467e-001	
3.220000e+002	-1.123648e-002	3.503598e-001	
3.230000e+002	-5.697590e-002	3.770859e-001	
3.240000e+002	-4.168255e-002	3.794666e-001	
3.250000e+002	2.062093e-002	3.124840e-001	
3.260000e+002	4.797674e-002	2.405217e-001	
3.270000e+002	4.658932e-002	2.386385e-001	
3.280000e+002	-3.961881e-002	3.974421e-001	
3.290000e+002	4.872409e-002	2.896567e-001	
3.300000e+002	1.274462e-002	2.571907e-001	
3.310000e+002	6.004627e-002	2.014529e-001	
3.320000e+002	3.310811e-002	3.552356e-001	
3.330000e+002	6.286392e-002	3.229499e-001	
3.340000e+002	4.033827e-002	2.954895e-001	
3.350000e+002	-1.358777e-002	3.982494e-001	
3.360000e+002	2.830193e-002	3.317201e-001	
3.370000e+002	-6.006581e-002	4.511999e-001	
3.380000e+002	8.046705e-003	3.321030e-001	
3.390000e+002	2.415540e-002	4.029508e-001	
3.400000e+002	6.785377e-002	2.376600e-001	
3.410000e+002	4.772069e-002	3.285151e-001	
3.420000e+002	3.713003e-002	3.094710e-001	
3.430000e+002	5.107920e-002	3.804035e-001	
3.440000e+002	4.588095e-003	3.910777e-001	
3.450000e+002	4.886156e-002	3.188821e-001	
3.460000e+002	3.800344e-002	3.972494e-001	
3.470000e+002	2.349547e-002	3.723282e-001	
3.480000e+002	-1.501802e-002	4.168491e-001	
3.490000e+002	3.813070e-002	3.514967e-001	
3.500000e+002	2.319129e-002	2.917808e-001	
3.510000e+002	4.748116e-002	2.559294e-001	
3.520000e+002	8.017507e-003	4.141438e-001	
3.530000e+002	4.441819e-003	3.518525e-001	
3.540000e+002	2.308387e-002	3.451594e-001	
3.550000e+002	-4.897590e-003	3.868683e-001	
3.560000e+002	2.080405e-002	2.760485e-001	
3.570000e+002	1.411591e-004	3.600834e-001	
3.580000e+002	4.154112e-002	1.796871e-001	
3.590000e+002	7.374452e-002	3.224388e-001	
3.600000e+002	-1.871040e-002	3.445673e-001	
3.610000e+002	4.912009e-001	6.086432e-001	
3.620000e+002	5.281637e-001	5.767944e-001	
3.630000e+002	4.168778e-001	7.842327e-001	
3.640000e+002	4.944604e-001	7.034029e-001	
3.650000e+002	3.876640e-001	7.700747e-001	
3.660000e+002	4.483837e-001	6.630522e-001	
3.670000e+002	5.438746e-001	6.625427e-001	
3.680000e+002	3.090248e-001	8.173449e-001	
3.690000e+002	4.854885e-001	7.259085e-001	
3.700000e+002	5.232900e-001	6.809819e-001	
3.710000e+002	7.114216e-001	5.457606e-001	
3.720000e+002	6.533683e-001	6.774097e-001	
3.730000e+002	4.208106e-001	9.673507e-001	
3.740000e+002	7.655064e-001	7.432035e-001	
3.750000e+002	8.241619e-001	6.907211e-001	
3.760000e+002	8.095126e-001	7.850269e-001	
3.770000e+002	8.315016e-001	7.302558e-001	
3.780000e+002	5.035525e-001	9.078491e-001	
3.790000e+002	4.302112e-001	1.058777e+000	
3.800000e+002	3.917047e-001	9.692127e-001	
3.810000e+002	4.116766e-001	9.046152e-001	
3.820000e+002	4.273439e-001	8.647946e-001	
3.830000e+002	2.510382e-001	9.864654e-001	
3.840000e+002	3.655015e-001	7.785551e-001	
3.850000e+002	3.090412e-001	7.935354e-001	
3.860000e+002	2.296660e-001	9.225186e-001	
3.870000e+002	2.767303e-001	8.790775e-001	
3.880000e+002	3.754843e-001	8.432027e-001	
3.890000e+002	4.531441e-001	7.470725e-001	
3.900000e+002	4.175318e-001	7.284821e-001	
3.910000e+002	2.972446e-001	8.576478e-001	
3.920000e+002	2.980946e-001	8.386001e-001	
3.930000e+002	2.720832e-001	7.432085e-001	
3.940000e+002	4.352290e-001	7.341130e-001	
3.950000e+002	4.573745e-001	7.119977e-001	
3.960000e+002	4.045003e-001	7.617520e-001	
3.970000e+002	1.582413e+000	1.121057e+000	
3.980000e+002	1.729187e+000	1.071087e+000	
3.990000e+002	1.867301e+000	1.002385e+000	
4.000000e+002	1.496909e+000	1.297624e+000	
4.010000e+002	1.675656e+000	1.107356e+000	
4.020000e+002	1.888362e+000	1.112998e+000	
4.030000e+002	2.092708e+000	1.029337e+000	
4.040000e+002	1.994998e+000	1.113309e+000	
4.050000e+002	2.089622e+000	1.126112e+000	
4.060000e+002	2.250447e+000	1.102077e+000	
4.070000e+002	2.569624e+000	1.051086e+000	
4.080000e+002	2.571705e+000	1.081691e+000	
4.090000e+002	3.176532e+000	1.120844e+000	
4.100000e+002	3.104770e+000	1.317759e+000	
4.110000e+002	3.451991e+000	1.180556e+000	
4.120000e+002	3.170701e+000	1.283815e+000	
4.130000e+002	2.641639e+000	1.343593e+000	
4.140000e+002	2.030247e+000	1.448149e+000	
4.150000e+002	1.802166e+000	1.317883e+000	
4.160000e+002	1.171960e+000	1.519283e+000	
4.170000e+002	8.996217e-001	1.534207e+000	
4.180000e+002	7.420414e-001	1.543322e+000	
4.190000e+002	9.517591e-001	1.363194e+000	
4.200000e+002	1.063636e+000	1.268366e+000	
4.210000e+002	9.712309e-001	1.323609e+000	
4.220000e+002	8.633469e-001	1.375772e+000	
4.230000e+002	1.207691e+000	1.199733e+000	
4.240000e+002	1.221149e+000	1.245193e+000	
4.250000e+002	9.722818e-001	1.211021e+000	
4.260000e+002	1.360429e+000	1.183491e+000	
4.270000e+002	1.124516e+000	1.313977e+000	
4.280000e+002	1.209043e+000	1.189134e+000	
4.290000e+002	1.363037e+000	1.178213e+000	
4.300000e+002	1.393732e+000	1.121577e+000	
4.310000e+002	1.703062e+000	9.580685e-001	
4.320000e+002	1.421065e+000	1.131505e+000	
4.330000e+002	3.797162e+000	1.578286e+000	
4.340000e+002	3.866506e+000	1.560415e+000	
4.350000e+002	4.028875e+000	1.528154e+000	
4.360000e+002	4.183918e+000	1.626742e+000	
4.370000e+002	4.089767e+000	1.531587e+000	
4.380000e+002	4.463850e+000	1.572843e+000	
4.390000e+002	4.990886e+000	1.465432e+000	
4.400000e+002	4.709557e+000	1.570206e+000	
4.410000e+002	4.843230e+000	1.639991e+000	
4.420000e+002	5.323633e+000	1.521596e+000	
4.430000e+002	5.777694e+000	1.458887e+000	
4.440000e+002	6.548270e+000	1.502414e+000	
4.450000e+002	7.631346e+000	1.595075e+000	
4.460000e+002	8.173387e+000	1.706093e+000	
4.470000e+002	8.755505e+000	1.695794e+000	
4.480000e+002	7.255832e+000	1.841316e+000	
4.490000e+002	6.490739e+000	1.769163e+000	
4.500000e+002	4.900237e+000	1.820352e+000	
4.510000e+002	3.657885e+000	1.958046e+000	
4.520000e+002	2.728715e+000	1.844654e+000	
4.530000e+002	1.885992e+000	2.049554e+000	
4.540000e+002	2.161486e+000	2.005434e+000	
4.550000e+002	2.171959e+000	1.803344e+000	
4.560000e+002	1.839380e+000	1.740386e+000	
4.570000e+002	2.500577e+000	1.696494e+000	
4.580000e+002	2.756203e+000	1.674653e+000	
4.590000e+002	2.518760e+000	1.629276e+000	
4.600000e+002	2.516332e+000	1.803024e+000	
4.610000e+002	2.678665e+000	1.630373e+000	
4.620000e+002	2.588054e+000	1.624139e+000	
4.630000e+002	2.677199e+000	1.646382e+000	
4.640000e+002	3.141800e+000	1.557973e+000	
4.650000e+002	2.864385e+000	1.718930e+000	
4.660000e+002	3.505053e+000	1.447623e+000	
4.670000e+002	3.346373e+000	1.568901e+000	
4.680000e+002	3.371011e+000	1.654846e+000	
4.690000e+002	5.814809e+000	1.891195e+000	
4.700000e+002	5.708202e+000	1.753610e+000	
4.710000e+002	5.760908e+000	1.743679e+000	
4.720000e+002	6.011247e+000	1.690218e+000	
4.730000e+002	6.406034e+000	1.751734e+000	
4.740000e+002	6.962673e+000	1.878612e+000	
4.750000e+002	7.335569e+000	1.729415e+000	
4.760000e+002	7.453904e+000	1.707537e+000	
4.770000e+002	8.052373e+000	1.736794e+000	
4.780000e+002	8.297709e+000	1.850446e+000	
4.790000e+002	8.837867e+000	1.792722e+000	
4.800000e+002	9.894285e+000	1.865817e+000	
4.810000e+002	1.155133e+001	1.746308e+000	
4.820000e+002	1.306406e+001	2.194816e+000	
4.830000e+002	1.356985e+001	2.043290e+000	
4.840000e+002	1.195934e+001	2.158780e+000	
4.850000e+002	1.000154e+001	2.042742e+000	
4.860000e+002	7.565276e+000	2.190693e+000	
4.870000e+002	5.488952e+000	2.261903e+000	
4.880000e+002	4.284018e+000	2.275393e+000	
4.890000e+002	3.598754e+000	2.120696e+000	
4.900000e+002	2.952901e+000	2.146506e+000	
4.910000e+002	2.728503e+000	2.052625e+000	
4.920000e+002	3.118033e+000	2.083011e+000	
4.930000e+002	2.899859e+000	2.152048e+000	
4.940000e+002	3.494878e+000	2.114899e+000	
4.950000e+002	3.656795e+000	2.068673e+000	
4.960000e+002	3.670536e+000	2.021587e+000	
4.970000e+002	4.020138e+000	2.020332e+000	
4.980000e+002	3.944828e+000	2.015892e+000	
4.990000e+002	3.945011e+000	2.007052e+000	
5.000000e+002	4.762567e+000	1.700884e+000	
5.010000e+002	4.370318e+000	1.949954e+000	
5.020000e+002	4.664435e+000	1.790691e+000	
5.030000e+002	4.883732e+000	1.883570e+000	
5.040000e+002	4.847226e+000	1.780438e+000	
5.050000e+002	7.950733e+000	2.165596e+000	
5.060000e+002	7.756955e+000	1.885428e+000	
5.070000e+002	7.857533e+000	2.290869e+000	
5.080000e+002	7.925596e+000	2.268119e+000	
5.090000e+002	8.808951e+000	1.868423e+000	
5.100000e+002	9.208535e+000	2.238626e+000	
5.110000e+002	9.651936e+000	1.977042e+000	
5.120000e+002	1.041711e+001	1.999869e+000	
5.130000e+002	1.061308e+001	1.861527e+000	
5.140000e+002	1.124150e+001	2.088462e+000	
5.150000e+002	1.188463e+001	2.136046e+000	
5.160000e+002	1.416256e+001	2.034861e+000	
5.170000e+002	1.654989e+001	2.036542e+000	
5.180000e+002	1.879186e+001	2.261447e+000	
5.190000e+002	1.958050e+001	2.320383e+000	
5.200000e+002	1.704365e+001	2.512195e+000	
5.210000e+002	1.345657e+001	2.614360e+000	
5.220000e+002	1.017309e+001	2.527991e+000	
5.230000e+002	7.518958e+000	2.759814e+000	
5.240000e+002	6.352823e+000	2.804519e+000	
5.250000e+002	4.457682e+000	2.804394e+000	
5.260000e+002	3.887106e+000	2.526231e+000	
5.270000e+002	3.568927e+000	2.603547e+000	
5.280000e+002	3.487455e+000	2.705111e+000	
5.290000e+002	4.684152e+000	2.355181e+000	
5.300000e+002	4.266576e+000	2.285985e+000	
5.310000e+002	4.812432e+000	2.285786e+000	
5.320000e+002	5.061363e+000	2.303932e+000	
5.330000e+002	5.358237e+000	2.239562e+000	
5.340000e+002	4.957450e+000	2.276093e+000	
5.350000e+002	5.176603e+000	2.273307e+000	
5.360000e+002	5.912582e+000	2.083626e+000	
5.370000e+002	5.995651e+000	2.072628e+000	
5.380000e+002	6.576425e+000	2.037361e+000	
5.390000e+002	6.181152e+000	2.183137e+000	
5.400000e+002	6.477714e+000	2.185148e+000	
5.410000e+002	9.280697e+000	2.361984e+000	
5.420000e+002	9.220868e+000	2.361602e+000	
5.430000e+002	8.672856e+000	2.584057e+000	
5.440000e+002	9.809170e+000	2.301694e+000	
5.450000e+002	9.551654e+000	2.528887e+000	
5.460000e+002	1.085457e+001	2.375030e+000	
5.470000e+002	1.154485e+001	2.352407e+000	
5.480000e+002	1.165668e+001	2.126251e+000	
5.490000e+002	1.209085e+001	2.278822e+000	
5.500000e+002	1.290701e+001	2.305845e+000	
5.510000e+002	1.460626e+001	2.191639e+000	
5.520000e+002	1.661501e+001	2.173527e+000	
5.530000e+002	1.951548e+001	2.220214e+000	
5.540000e+002	2.215600e+001	2.426831e+000	
5.550000e+002	2.348099e+001	2.523658e+000	
5.560000e+002	2.064453e+001	2.911445e+000	
5.570000e+002	1.651079e+001	2.931224e+000	
5.580000e+002	1.231046e+001	3.098989e+000	
5.590000e+002	8.822798e+000	3.439559e+000	
5.600000e+002	6.944053e+000	3.229170e+000	
5.610000e+002	5.295466e+000	3.259268e+000	
5.620000e+002	4.239227e+000	3.169195e+000	
5.630000e+002	4.654805e+000	3.038302e+000	
5.640000e+002	4.768227e+000	3.012202e+000	
5.650000e+002	4.709628e+000	2.798039e+000	
5.660000e+002	4.672699e+000	2.805751e+000	
5.670000e+002	5.129866e+000	2.879628e+000	
5.680000e+002	5.960571e+000	2.803804e+000	
5.690000e+002	6.035882e+000	2.728532e+000	
5.700000e+002	6.000106e+000	2.645883e+000	
5.710000e+002	5.642112e+000	2.928225e+000	
5.720000e+002	7.371553e+000	2.426096e+000	
5.730000e+002	6.393968e+000	2.463700e+000	
5.740000e+002	7.186265e+000	2.472472e+000	
5.750000e+002	7.444307e+000	2.452212e+000	
5.760000e+002	7.625572e+000	2.400293e+000	
5.770000e+002	1.298623e+001	2.797511e+000	
5.780000e+002	1.332852e+001	2.977321e+000	
5.790000e+002	1.294435e+001	3.061465e+000	
5.800000e+002	1.470922e+001	2.877378e+000	
5.810000e+002	1.389908e+001	2.893379e+000	
5.820000e+002	1.621470e+001	2.895105e+000	
5.830000e+002	1.631281e+001	2.875820e+000	
5.840000e+002	1.713934e+001	2.957196e+000	
5.850000e+002	1.749092e+001	2.971160e+000	
5.860000e+002	1.970445e+001	2.590764e+000	
5.870000e+002	2.065515e+001	2.752543e+000	
5.880000e+002	2.441604e+001	2.867742e+000	
5.890000e+002	2.908190e+001	2.929633e+000	
5.900000e+002	3.429351e+001	2.660450e+000	
5.910000e+002	3.448667e+001	3.291013e+000	
5.920000e+002	3.114687e+001	3.230532e+000	
5.930000e+002	2.480628e+001	3.477649e+000	
5.940000e+002	1.815519e+001	3.738742e+000	
5.950000e+002	1.273858e+001	4.079720e+000	
5.960000e+002	9.179542e+000	4.296700e+000	
5.970000e+002	7.507249e+000	4.417129e+000	
5.980000e+002	6.794546e+000	4.044614e+000	
5.990000e+002	5.867637e+000	4.187372e+000	
6.000000e+002	6.095480e+000	4.019293e+000	
6.010000e+002	7.321735e+000	3.520734e+000	
6.020000e+002	7.049903e+000	3.883317e+000	
6.030000e+002	8.415712e+000	3.440017e+000	
6.040000e+002	7.925014e+000	3.704396e+000	
6.050000e+002	8.714589e+000	3.324537e+000	
6.060000e+002	9.356261e+000	3.396407e+000	
6.070000e+002	8.554411e+000	3.483050e+000	
6.080000e+002	9.631277e+000	3.332657e+000	
6.090000e+002	1.048485e+001	2.992881e+000	
6.100000e+002	1.045403e+001	3.270884e+000	
6.110000e+002	1.063374e+001	3.103685e+000	
6.120000e+002	1.064940e+001	3.280201e+000	
6.130000e+002	1.415607e+001	3.389507e+000	
6.140000e+002	1.510360e+001	3.388466e+000	
6.150000e+002	1.558081e+001	3.339920e+000	
6.160000e+002	1.580246e+001	3.163501e+000	
6.170000e+002	1.685250e+001	3.238441e+000	
6.180000e+002	1.824368e+001	3.095852e+000	
6.190000e+002	1.883358e+001	3.245985e+000	
6.200000e+002	2.020816e+001	2.921177e+000	
6.210000e+002	2.120578e+001	3.104461e+000	
6.220000e+002	2.213769e+001	2.942545e+000	
6.230000e+002	2.502243e+001	2.928828e+000	
6.240000e+002	2.949542e+001	3.062458e+000	
6.250000e+002	3.566260e+001	3.086849e+000	
6.260000e+002	4.122194e+001	3.619070e+000	
6.270000e+002	4.243912e+001	3.536770e+000	
6.280000e+002	3.624981e+001	3.864749e+000	
6.290000e+002	2.779890e+001	3.999723e+000	
6.300000e+002	2.097560e+001	4.113101e+000	
6.310000e+002	1.520087e+001	4.545717e+000	
6.320000e+002	1.169999e+001	5.067867e+000	
6.330000e+002	9.041588e+000	4.781148e+000	
6.340000e+002	7.472712e+000	4.856132e+000	
6.350000e+002	7.122846e+000	4.420041e+000	
6.360000e+002	8.606080e+000	4.177502e+000	
6.370000e+002	8.065649e+000	4.221959e+000	
6.380000e+002	8.644765e+000	3.916112e+000	
6.390000e+002	9.426021e+000	3.983922e+000	
6.400000e+002	8.689259e+000	4.029450e+000	
6.410000e+002	9.885482e+000	3.878209e+000	
6.420000e+002	1.047044e+001	3.636798e+000	
6.430000e+002	1.116540e+001	3.600969e+000	
6.440000e+002	1.092975e+001	3.782325e+000	
6.450000e+002	1.133728e+001	3.417787e+000	
6.460000e+002	1.173988e+001	3.816419e+000	
6.470000e+002	1.125355e+001	3.702793e+000	
6.480000e+002	1.227121e+001	3.790099e+000	
6.490000e+002	9.652486e+000	2.974532e+000	
6.500000e+002	1.028005e+001	2.801837e+000	
6.510000e+002	1.017806e+001	3.029358e+000	
6.520000e+002	1.037596e+001	2.974757e+000	
6.530000e+002	1.109807e+001	3.026078e+000	
6.540000e+002	1.271547e+001	2.816732e+000	
6.550000e+002	1.288621e+001	2.700241e+000	
6.560000e+002	1.327489e+001	2.590632e+000	
6.570000e+002	1.390673e+001	2.527687e+000	
6.580000e+002	1.523737e+001	2.532940e+000	
6.590000e+002	1.647290e+001	2.672857e+000	
6.600000e+002	1.919080e+001	2.533576e+000	
6.610000e+002	2.369376e+001	2.716973e+000	
6.620000e+002	2.699188e+001	2.883744e+000	
6.630000e+002	2.751315e+001	3.148003e+000	
6.640000e+002	2.412147e+001	3.493378e+000	
6.650000e+002	1.858541e+001	3.770509e+000	
6.660000e+002	1.393904e+001	4.153543e+000	
6.670000e+002	1.028487e+001	4.454848e+000	
6.680000e+002	7.397143e+000	4.450117e+000	
6.690000e+002	5.743417e+000	4.447232e+000	
6.700000e+002	5.329180e+000	4.348569e+000	
6.710000e+002	5.361802e+000	4.325524e+000	
6.720000e+002	4.951088e+000	3.825825e+000	
6.730000e+002	5.416069e+000	3.883806e+000	
6.740000e+002	6.717295e+000	3.482078e+000	
6.750000e+002	5.853784e+000	3.582440e+000	
6.760000e+002	6.075219e+000	3.685340e+000	
6.770000e+002	6.394845e+000	3.310245e+000	
6.780000e+002	6.746416e+000	3.553870e+000	
6.790000e+002	7.042228e+000	3.305567e+000	
6.800000e+002	7.657745e+000	3.322718e+000	
6.810000e+002	7.414020e+000	3.145267e+000	
6.820000e+002	7.659144e+000	3.165199e+000	
6.830000e+002	8.283924e+000	3.129347e+000	
6.840000e+002	7.948544e+000	3.121955e+000	
6.850000e+002	1.014901e+001	3.193579e+000	
6.860000e+002	9.592370e+000	3.396605e+000	
6.870000e+002	9.833730e+000	3.248568e+000	
6.880000e+002	1.043014e+001	2.995523e+000	
6.890000e+002	1.118617e+001	3.042489e+000	
6.900000e+002	1.216300e+001	2.913947e+000	
6.910000e+002	1.247130e+001	3.028802e+000	
6.920000e+002	1.334187e+001	2.909158e+000	
6.930000e+002	1.345893e+001	2.843051e+000	
6.940000e+002	1.505291e+001	2.878048e+000	
6.950000e+002	1.630443e+001	2.743653e+000	
6.960000e+002	1.977418e+001	2.753412e+000	
6.970000e+002	2.261946e+001	2.809774e+000	
6.980000e+002	2.642778e+001	3.073229e+000	
6.990000e+002	2.782659e+001	3.308304e+000	
7.000000e+002	2.333556e+001	3.749241e+000	
7.010000e+002	1.933862e+001	3.981402e+000	
7.020000e+002	1.307333e+001	4.402319e+000	
7.030000e+002	1.042708e+001	4.519593e+000	
7.040000e+002	7.059050e+000	4.628561e+000	
7.050000e+002	5.732646e+000	4.694985e+000	
7.060000e+002	4.721757e+000	4.542917e+000	
7.070000e+002	6.361546e+000	4.305454e+000	
7.080000e+002	5.305002e+000	4.410595e+000	
7.090000e+002	6.170589e+000	4.108343e+000	
7.100000e+002	6.278732e+000	4.024240e+000	
7.110000e+002	5.897037e+000	4.260501e+000	
7.120000e+002	6.433378e+000	3.921957e+000	
7.130000e+002	6.332317e+000	3.572220e+000	
7.140000e+002	7.031350e+000	3.737467e+000	
7.150000e+002	7.159636e+000	3.685366e+000	
7.160000e+002	7.303194e+000	3.564126e+000	
7.170000e+002	7.663214e+000	3.442198e+000	
7.180000e+002	7.976974e+000	3.490234e+000	
7.190000e+002	8.319142e+000	3.420735e+000	
7.200000e+002	8.457444e+000	3.370050e+000	
